491555
1497516
859345
1604830
1128283
314550
864747
318184
1117741
1029733
1979967
827506
1260035
1813578
1560837
1122978
1001413
138556
524403
985077
1114506
1888332
50704
974557
1127893
1134772
1215728
1595063
1665276
1432111
1252264
1701197
98187
1830428
1041165
1810946
141573
722284
127558
116883
370827
500199
1083992
1266929
704532
1149030
1475504
989922
1817403
682219
783488
410666
831202
1577732
761736
1305262
473283
954496
792353
1710434
1196084
724630
1981532
968378
1538594
954912
648662
1626063
1877053
1869711
417636
1113338
538406
1930087
503666
5306
903330
765444
1083708
68073
353706
459200
1320596
946570
358118
173668
1903814
1539338
44828
666593
1574858
1491420
45389
1800466
1107419
718160
747807
321903
538709
324394
1267248
1429741
1836848
1704670
972444
1826671
295963
1761672
842662
1128909
740594
40516
619338
1443457
1966736
1315589
1046797
1431746
155880
893677
146821
788428
1517867
1316908
543949
1308279
420087
29362
632809
1955741
975086
1285101
905560
344269
1545569
1806651
593622
1325835
243149
254769
1959434
965012
1496862
478269
1060288
367705
703175
137025
212258
287543
1031983
1473991
1813411
48603
1043152
550957
636823
1319160
264160
1255744
166579
633626
666303
2104
1511628
483304
652482
290916
1505043
894523
1447617
701584
1612184
230741
1252149
1576577
1804286
310462
1217498
1630675
1793058
1527891
1533700
1438615
663971
1758014
939539
947314
885483
1802847
722573
381829
583136
1151012
950890
1790
1457293
183969
605378
410291
681217
1421644
1522671
1474058
517505
1486631
658059
1667677
179163
588148
365393
934506
241247
1370763
1127340
1688938
331935
891828
496122
1185897
1701018
1114690
1018233
951739
183452
218512
1044651
1078509
1275838
355671
336361
1822775
1893796
675079
1741194
269448
1834313
1495337
1322375
1812112
519977
1127508
281385
1595487
1428040
1702823
1730980
987851
1680127
852941
512570
1292022
808194
1426044
1694316
1934972
1225070
166865
1245248
272858
161931
964726
909455
1114597
884299
1826447
18978
1242021
525602
194979
1871201
1357757
1864659
1568848
1583858
328612
1677604
462709
1508287
1969688
1188265
1061990
1547438
1741561
1840169
1459447
145996
506988
867688
882720
781558
1375315
1817758
504771
1040477
1184606
1341483
198035
298502
402517
485342
967843
894643
1876469
57683
1953092
579789
133100
897065
982158
1581792
623597
440789
656222
727398
211400
1413073
1657895
167763
1315907
1655738
1113099
154983
1564251
1256584
1028604
323248
781307
1594417
812973
1906414
1731694
686994
972515
1800097
990841
828861
249360
445088
479159
762095
714630
583251
936970
613890
1988723
1603247
577694
1770266
593519
1256948
474391
1958546
632532
570777
216890
1875709
504802
569693
1237247
1129789
1422164
1317499
492365
185398
917795
964111
1870247
1378236
1240179
1104657
1468586
883594
570003
801693
652167
663067
938448
106098
1432020
1885417
1752131
588360
972436
1678771
111149
1885733
964977
295242
915618
538940
788479
1644551
1612694
586689
1403106
1550652
990557
743078
614273
936500
1997670
1028821
701419
1239337
1067325
1791503
1939585
1592225
1028664
1149623
777248
545910
1664784
812427
1006304
6347
1235925
1965120
1253344
1795028
52910
1974235
1899471
582500
1232799
697929
547262
484647
391348
892887
211244
1421595
1420901
538945
1317241
1570743
924784
1850321
1054623
1801450
1548957
587118
285302
1991343
1441010
771638
759408
50091
1514393
1381392
1213565
1239323
700759
1892379
657541
1082755
1253209
936336
463508
1654730
1399058
1405764
246827
1022432
44731
1432355
372976
819772
382964
1265506
305692
1472632
896952
1906636
851284
1357943
702578
1205466
826652
1167590
1712541
873412
1948694
931779
623395
276072
436703
1400006
343735
54656
1310592
742499
765252
337654
1309892
232044
1538330
462842
806338
890340
1226760
1216816
1731891
1136919
1830728
589854
358578
427982
22637
707700
1990873
1211580
328886
576683
1398312
1559082
570713
982059
194606
750278
1740770
1109052
1342364
886322
200838
293359
847732
587157
1365398
1759568
165931
1334662
1249529
620823
534241
1518203
1131950
107238
549985
1468551
959323
629804
1314167
199201
1090197
1445730
1174096
1538160
449063
380398
1089289
1639855
853826
374881
1036945
1464874
1961760
775770
539463
409184
692966
1323320
229107
1336151
1908551
1081520
1234735
851375
1834441
1297016
299432
1503144
1890619
534937
282091
1912790
1355673
934414
675252
343834
29983
1344380
866216
1288784
795862
1568389
816717
734024
1748847
1157007
1563476
220882
1163804
414073
1761215
322406
1076388
86289
1400778
378155
1491394
68492
572124
730937
940576
1298717
986363
1334119
281226
1827768
930853
329861
1756971
1453207
1687298
1831603
471039
1050979
1166280
276619
1262728
1257903
1619881
216415
296502
1266186
1998054
1368385
1272836
1814330
1431438
1450829
1433230
1230025
488086
626871
938322
795462
167037
1097860
587048
1216992
818952
1267453
1835122
544441
965818
710485
1174989
953808
1911633
1618098
311049
422085
1513439
1905666
1142939
1336600
1497409
1538308
284959
211751
888052
1068841
902762
1602437
1744595
770921
670094
467069
1590612
1627428
345842
1836618
1760507
1502658
819906
301562
1554977
1072434
310988
386086
1804198
869672
1466470
1512626
1296206
365024
784920
1410610
1641893
212754
1956580
643573
824641
1411927
611647
1435048
601807
766568
978202
1674870
981656
194179
1314979
348211
377329
750332
605446
908784
228139
1585363
1564760
886465
319722
799363
1480820
832967
214958
59028
1596423
398166
732446
1434206
660646
357579
356422
1923917
1776673
1247682
567611
806091
134527
1583407
1340536
28827
1918789
443506
84594
831296
1450147
1400449
239887
982151
756159
597398
884829
1540915
334148
1251446
669697
360830
564596
1433099
1756960
1000162
531118
1364207
1412538
1611671
475382
962196
1281396
485594
821548
266201
708616
124023
200557
1835671
1180733
796042
1317386
39829
1681255
825986
683265
1353581
765969
762748
1601853
1546282
1385488
535316
1330980
1176228
747756
399238
347713
589294
9401
1109576
1539066
1453609
578081
500854
339302
108675
1525139
361974
1883684
1254762
159412
507391
562275
151888
210177
1443921
163688
626168
1552888
704924
441784
1570943
291413
45182
969402
1325815
1200771
1365375
165253
1182608
812808
1575001
1875614
300574
150672
209937
1188825
161441
1272220
167934
234093
781254
1073590
49316
1393708
735989
1529849
1436339
1425950
1220023
178138
926436
316400
1760530
542105
1356194
50075
970243
1937270
309715
796304
1718646
1020846
151376
986033
1688420
121241
212553
952499
1855765
1659754
1137066
1270770
63226
1756021
585280
1286980
1539632
882570
1651767
950411
930452
248263
221981
319123
1785328
1408570
1187176
1981361
480030
1600337
734648
1280989
878654
210972
724526
1610351
235057
987329
1287401
1058185
1099
71681
1854254
134388
1511462
1410573
1071156
1143994
663484
149175
1611001
1600965
769891
1391635
509551
164519
1793145
1150150
1142243
1641820
1573367
134500
98821
1796382
1381937
452496
961468
395077
1398647
319843
1501163
1154817
606251
305269
1660781
711510
579132
1483465
496303
1916462
1120031
739278
894721
223062
1823826
113098
452166
382383
663088
679270
233850
1978062
784720
1093175
423108
1073758
302063
1320801
410333
805006
953817
1101164
1662890
1694554
1399474
428688
835402
1787305
1499198
247995
537746
930457
1493561
1309180
1252701
569086
1779465
1222867
274538
128629
1006473
1488147
1922487
1868982
1911042
724333
175650
343667
427910
1950828
1423188
1446516
543841
1895415
317705
996591
1033878
114195
70594
1561406
1100966
551577
53284
902179
606381
1134204
381156
882515
1056979
1255418
1278534
651028
1361467
1544334
798630
19288
659479
1160046
802341
1985908
1470838
1243634
1161747
986362
905684
1330404
1060310
1473018
308718
188010
591648
1430396
127795
449822
313720
1031423
1171637
632330
1221062
62673
1665041
1641966
1868520
731703
1765128
558855
605751
1960164
1900260
1194473
21774
600969
1829193
13594
1756015
1595871
588356
1060172
122043
659451
734276
694355
189945
1915191
1790263
90174
434525
99008
595106
1346092
1172126
622883
1491157
162156
1735564
928819
1653857
1838032
343269
1879253
793974
401502
271791
962180
1129767
1799879
1029929
1872231
356705
945919
80258
706274
937763
455739
16427
1606316
165126
1801707
1513387
621463
889240
1455844
107976
47925
1651822
1062364
91952
604638
1254885
1069543
439032
1643209
623195
1853083
1124702
1056397
1875754
1624948
39088
247408
114104
1157393
1079523
1666837
1301997
1215582
1643156
562941
1467465
1097148
66643
1097847
1893968
1700016
1437446
1594411
1247563
360733
1201607
1165378
1260290
739715
266124
536380
248661
1714977
1313164
1826809
290549
591423
941934
207665
1545248
304657
1746567
728647
357819
572147
1830682
1116593
1636419
1355124
366759
1099926
749389
1866483
581829
1736298
247279
537710
1610916
1526369
51677
1027907
1582335
1932514
1355938
1224700
361681
148904
1561466
1987188
318507
366364
876631
1476769
783113
1055391
279376
766846
535130
432266
1555331
509258
1329543
486485
1899774
99410
1719618
337760
564400
569644
695419
848155
913565
518533
986261
1147947
1152784
1456986
789075
1479343
405136
1246765
1333149
1593369
1727941
1775859
129876
1070628
492216
1571543
709935
1576861
1400310
1729360
1206061
1824581
690056
1050792
231116
1522532
156540
285293
168980
501706
901380
1746262
292277
67917
1272100
38430
1887039
408943
267136
1472363
50736
1848753
879470
609108
1825735
1850905
1380539
383433
1413344
288020
753586
499041
1884780
232404
1015180
994913
1529846
838320
1272946
152026
1690162
1988706
1079686
989270
340850
1153564
1368339
234294
1209883
1811508
1827754
36176
330240
266984
1436032
1480008
110159
393717
371538
1325421
1987012
1425322
642015
1869895
1163661
1972358
1641756
370493
1060777
1558287
1956425
15141
73012
1257466
550251
164052
958099
837781
857114
1045075
49717
1182319
61796
1599188
903418
1303220
1356488
1356214
1361143
1922759
1238400
1685568
1394029
1537172
1575917
522292
165911
1221201
1180761
1197845
223757
1375147
300214
46777
142237
1531266
496860
1735553
527526
239533
137983
1287964
111697
490764
155581
442005
1719999
752426
644342
1026255
1220243
1977858
1111909
486815
445662
993482
116781
1058630
781920
1065872
270619
1486270
1459685
1077015
241751
1358067
47192
391748
595279
992440
1453179
643041
999238
961844
1747452
1716946
1834190
855753
672411
1234533
1330498
1981242
75286
1096100
304378
1699924
1726754
1280276
835084
1223534
1782035
716320
112710
1045132
1617084
1763981
1530686
969046
1287877
1323985
1749090
1300113
1650733
1238088
139339
741722
819908
49718
633670
112134
1267974
332937
344796
1799058
224863
904178
1448095
1604581
1439328
1131145
622634
1174306
1472183
731502
1332756
678390
249447
117616
1718436
971594
1329157
1438335
238625
274467
1189478
970114
1879467
1343689
731374
756114
1041181
68502
1992910
1662060
1577148
1191571
557614
1260448
424588
1633554
131062
965581
1179434
1528088
415094
1370236
135691
1411027
1987917
243505
914373
612251
359876
1906556
1292696
1730371
1433449
1806473
1563498
1758134
1323456
1431202
884858
682508
808665
561100
299191
1310665
573951
1406503
1920929
160864
184424
664167
1720344
396383
93494
958055
1085318
1012741
1702290
1314519
1714756
774223
1957974
713981
390615
1579000
916098
1101108
338613
444380
452276
822624
1687758
166141
1040511
1989337
1821170
295814
417895
1736510
1208182
1620827
1014227
1210648
1876753
1958658
1755117
1069522
71947
755844
637112
1033662
434759
1481497
1280962
1994240
672550
1123478
423723
734290
1758125
1702529
1097474
1467373
662489
1286812
527276
935495
839267
1206016
1596331
1165312
1933828
303953
1235739
762462
825007
1968357
1720824
1766121
1734362
1157447
1306449
233784
1721734
1254775
1987177
111087
505197
10660
226518
1728457
1765130
226634
506258
1377290
1249234
1105093
1219574
1335410
1972414
1492028
1292509
649239
780943
260902
1837531
1774978
659889
1193055
1156112
865291
1255754
275868
1916471
1661718
264834
667409
1454867
1515319
684324
628648
1618497
1720186
171566
414046
1978692
1378193
1706188
1951683
798618
1141015
1938585
1841375
711235
258528
270188
16713
1355357
931801
1308949
116695
251616
15745
1528287
399579
1393524
866309
1879873
1261649
1781985
1734218
849825
1446496
1948794
282059
775747
696891
1054317
1480487
416035
1115455
310967
1625599
470086
1944635
831821
124970
1776474
533291
85430
215375
1235793
926531
602683
127471
1001096
1042196
616008
1246140
663280
1964919
1338841
625856
1556760
272428
24991
212061
429248
424096
1901298
1077601
1305845
561532
828766
1388784
1701376
1938540
1344210
1899325
1297429
1938934
1856152
74913
1311184
539098
1766959
262701
582185
922586
874243
641277
267396
424916
508347
426251
752047
1917994
681246
1702112
254245
1228369
45424
960030
1663045
1698669
1449667
1958076
1353781
1092387
1952653
1372960
471071
399374
509289
846786
1086862
1813249
1305532
1140028
940388
1780757
798114
568162
963951
1530822
1539029
1667763
1998578
203036
1820631
533877
831478
125398
1452640
60374
523687
1385555
1302537
537009
1052911
1288145
126873
1074685
874453
38104
1964235
1538958
958254
1597671
1945166
1248950
1803133
182814
26000
1874934
1178498
1133866
207827
776261
759377
617633
728014
1498912
520482
986510
1799198
1716150
1538811
839111
198068
263853
1443022
260570
687540
357127
1619820
1209406
239994
174129
1641756
1712571
836735
865438
1915059
1683768
862663
588803
295723
744517
776251
627188
143337
689463
661604
1596548
188972
162026
1235027
490038
1160296
1779602
82022
1746467
319165
1195173
1094032
431052
1443880
786092
321257
599149
1955847
1574342
895442
1056589
1122400
481160
515004
1904298
1564851
1994161
1956101
1526226
1911932
1684708
256182
644416
1853645
303188
1623616
1662540
1624081
1063510
908695
750799
454935
825250
1075265
1231984
1736853
1628172
1755409
1864334
30837
1428531
564468
1689626
1697376
418193
725357
1557379
380594
944478
740241
614935
1467262
1429231
1219389
593281
1174787
449126
567130
1461677
580708
1929232
1959193
1886230
659389
1366090
1013531
1801109
1086107
1646161
3303
1207319
1537589
1675263
738463
383945
526806
1397288
280566
329247
1804998
1221018
1869675
374127
638018
1560236
473508
216058
829715
1993692
334305
1214134
665997
1633655
1488016
1314713
361320
1462762
1822458
1967878
1932695
542230
1847075
1672034
238613
971606
986775
306652
1165265
261691
1171620
853101
970589
1984708
1665151
1078036
54504
1760198
1208399
5897
711107
1387301
98798
1710883
248231
635364
521049
459741
713350
400285
1963695
1591930
55034
1466252
795549
1004001
413771
347747
1293537
1558837
966689
225384
360601
605759
158155
1515221
82054
219951
208367
1085574
573550
328650
15864
999191
1874350
1872098
635839
1038293
1700984
580556
232478
1831359
205133
815695
1023448
1291911
640545
1773436
1354890
398962
1324955
749149
545189
927892
1995256
1536467
514793
628877
73247
534964
547797
1804527
1685692
1905223
1949584
748603
1727101
1273879
759055
1063576
393083
1393442
1475399
1044120
859463
1911163
1319252
1350380
579760
1913774
1997642
1850447
899663
22442
1523263
56826
146300
1699594
1770490
1740386
233063
1609893
312853
411816
1665791
304744
1573458
830250
741899
68051
285884
1392003
1949340
338532
977552
437598
577053
214652
713061
1386489
904461
275651
353558
754840
899434
643869
1818653
674909
1015877
1367990
1503546
176068
1905253
1449718
1776330
1979030
1412890
1819381
1066281
1515465
1112556
699971
1394980
1784256
1454753
455395
1889767
199751
568122
42223
1135973
1071654
1725795
1912674
1704143
1086344
1581939
610754
1554649
1475279
410006
368174
1458509
927033
1741951
596473
1389519
30192
176412
1639475
1553592
348677
1201419
943743
172366
360663
271808
1758731
967781
1923908
1806548
155161
567102
1266893
556212
1897061
1548922
1120605
352355
276109
369768
1711803
6158
1190881
1030393
1528714
1292114
843757
1345780
1476166
1286925
681039
1409432
1087643
109931
965386
686812
1321406
243090
1846745
1509266
1155861
182473
392321
7906
935673
887515
128688
1285856
790437
104782
1952621
808071
614339
1777339
1014230
1596258
607312
51125
950160
1001737
1898872
444003
730283
845048
134220
97288
1357819
1846286
968797
874918
240115
87643
77869
1715256
659921
183328
1695669
500694
1602766
1078321
373477
1732863
1138444
25406
191668
1640587
1852961
754171
1643485
442591
469446
497767
1779127
1881034
281734
34071
1147128
1927424
1583895
622307
1868938
1109524
1822873
1045663
825463
559485
905123
226640
375755
1331386
325480
1605861
532922
1985886
315500
1978782
1088668
946006
1335023
1623397
1274853
1074768
1785832
664285
1672226
1329003
915756
1147276
1176100
42032
1701745
648218
1490372
66240
369300
285820
854312
1577384
1320160
257819
1322323
973237
616758
1734513
366402
1377006
53737
352666
1476961
1092259
233346
1979627
31895
1253200
1711475
532011
1236811
1928457
1556977
970775
1098149
1776406
1715826
67270
797475
1554485
133254
642562
1249586
1337861
1259028
368891
1975873
265499
800993
622305
160576
601621
1867733
1779143
273248
30700
128032
1650281
1311484
1748914
1515799
1734084
1543901
176793
1372554
163646
664774
1694696
1301868
1077281
1980484
1210526
770015
774057
312081
1527220
385773
1529279
1059682
1830873
731654
301762
1448178
1156208
526623
771054
155029
237824
1068607
702617
519883
1409225
206057
1218019
781794
583736
1958555
150987
1524434
483915
1185098
878341
1725473
873376
1711814
1740905
1358959
547020
713568
1818481
614367
1881471
1525212
509834
1278156
1330847
871614
1303423
352925
52807
1524057
523617
53464
731223
1664649
1099697
1781600
851364
1894304
509291
288151
1375374
1042855
1474648
579235
118862
1798828
1260329
1298107
222918
1356879
1700653
155591
1311219
731781
1435836
141032
1312263
1682235
1493526
473156
642570
650846
1086487
1998302
687248
826609
395534
421428
1212670
644891
1564248
827244
753025
1803161
1909652
611108
1539535
206856
1827506
1162529
1275148
10702
1124790
337912
1819852
408129
1363877
789083
791555
943786
1573970
1641173
1262792
1214964
1179909
1238560
414099
958944
1756703
1521253
1808726
1987106
591925
827607
952199
1420258
854768
662150
307835
1660617
1831715
1206036
229361
469188
245547
1526332
479002
176278
1254673
597143
894614
1599021
784230
1058634
858797
386967
1336852
1357066
1313070
666156
268501
445776
1022960
102787
1306889
1928244
376540
7604
1373476
116034
1557176
1039931
83832
1657164
365362
195992
1424076
115759
810876
242638
541368
1626962
1670291
486636
545538
1968168
1634466
849190
1355429
327567
1940972
66425
1565731
459014
763664
1303675
1358333
438546
610171
1830472
1484602
945121
199237
938565
1548011
435094
306081
582990
756471
1419129
405346
288517
820091
1120332
112753
394113
431386
1292290
1547401
1476006
798191
59891
30144
1683214
1497092
719430
815218
542006
136416
1891814
1734071
771296
1189208
32494
1990262
1435701
1240349
391141
1120277
758619
1969734
427787
1107134
1813283
639413
1053648
1996158
1879297
742887
1209519
1846111
1076004
884823
1421782
862881
489890
152539
1693833
1183233
1317413
131843
1360514
123368
681330
1325475
170338
407606
1312128
146266
1691812
21745
148651
1109738
1067893
1002946
511467
813365
699498
1365441
1446010
773194
458663
1418534
867385
1469469
962320
736815
1551188
1990176
1252785
575295
1702058
938682
1982770
1862319
1709499
189946
949450
838379
1735622
1811092
1905755
1073316
521359
71127
1747082
714457
1394214
258425
1891854
1979346
1730239
1267838
749228
1370265
1197625
721901
1819495
309526
487025
493957
858436
1868130
1993278
485087
1421427
558024
401703
1347569
553372
953987
1537442
1072859
488261
1457534
820704
1785914
150143
111952
669619
1539652
932759
82813
1824432
1869004
843409
1638857
968059
358749
83144
1876223
562060
287487
282535
1998290
12959
411404
1846858
1342773
339200
355539
1361349
942361
828822
628326
1998675
839631
123202
807249
1817122
1318040
203517
1061865
725093
1761301
1992742
11833
1003773
1729268
664716
1105603
21360
1938984
635955
611516
1486699
250875
163139
868809
719537
1794897
1198522
715038
981847
1478395
1054468
1351130
1358003
719621
1090148
1304859
170991
1436235
1926991
1173085
1988196
872354
911728
1654893
1659677
1220328
1503165
550388
685115
1143057
1080707
188938
1997657
179857
839071
1679493
493379
1854822
1532592
1084659
961391
1066134
87679
921439
1749114
1977745
745446
769247
578983
1482973
854943
1258315
1997671
169835
257214
73196
359072
422326
442053
437146
641851
24407
808966
1107587
624386
638818
951623
1378407
1187173
1071348
251103
1513923
316318
414915
1730190
713393
270627
1624109
360045
319149
940101
144256
962605
879253
487816
1588085
484431
1036
111706
1896165
1928062
54754
788983
33073
1039388
350108
1582314
1166236
1425422
830053
232470
68323
1772963
756701
431732
1702201
1284729
1216742
1894914
1969457
236349
932645
837968
1512868
1098320
1115857
325877
940978
511461
643731
272593
1397752
320549
1422972
1619525
1949655
1663546
408079
1727574
903481
74929
698854
11402
224353
724845
1096126
309447
1429252
651057
519356
867036
1331985
1223404
600837
1249932
912471
1272553
773165
1963946
1827617
852768
1625527
1984881
1182354
803833
1675941
1731891
1707700
895030
565269
1947884
586246
1871039
625895
1381677
439075
485478
455177
1906788
591832
1280394
1756282
1375046
1327517
1371979
1442232
269309
351114
1352948
1883336
180153
845929
1646378
598912
380223
612811
646038
1059447
183686
703003
1056925
1291123
170867
1353763
1226215
357584
399636
480352
745478
391875
1923887
1439930
854298
1457272
340054
867997
825037
1712431
301346
782894
1684739
357403
1694569
1967847
1806150
844635
1157841
30641
1153741
1804471
813526
87411
1731252
822141
289034
261561
1975792
523170
296459
115260
1666902
317571
1783045
182544
1658973
685922
1276569
103524
1387964
274539
1945256
914106
1394603
83590
1392486
1168732
1693334
319597
1458324
1123784
1975381
1814015
249878
1585446
1037931
750915
723713
597451
938396
1756768
439161
1712245
1461700
1931619
776159
344578
48064
1040928
188660
567209
1798760
1976252
851837
598346
499353
1034290
900162
1551360
510189
893008
251344
335886
311609
437260
137832
1184633
82529
1224562
1714534
1957676
454524
1609072
1424390
1604140
665585
1236022
1972982
1015948
1747761
709662
228868
198203
557125
1584971
1083741
1936241
1197774
634488
878027
653588
1811116
1772777
1264235
219534
1615497
879335
863689
1387571
1407370
849973
332644
1627178
1752554
1968769
1509642
790865
569560
685772
1977151
500815
1047678
1990525
937201
1653655
1044879
1148020
360855
909830
1485140
1666997
924706
1243602
101872
1480007
1552880
233477
692749
1738794
469847
133411
1415304
763141
1894898
702470
425166
1535578
625759
556583
454956
465225
548548
281870
1911739
848714
1874739
1742901
1597425
342424
874414
1877868
1051370
783829
565663
1703383
1763014
783942
246826
191816
1417350
919201
895395
472013
136979
527340
278221
71728
896161
777579
331879
320297
1831554
1430269
155207
1637117
1310967
1363193
1458646
279615
272214
812420
1196359
383188
1403200
1964644
906900
1529907
243769
951795
1994528
701640
771409
410274
441476
867511
715541
1028541
883625
670222
908293
120346
282202
1406847
967036
1171727
403366
1019545
1473778
1683468
1106428
40129
1517436
1060567
1672462
1317759
184189
74987
490718
43932
1207474
483974
1777071
1390263
1705705
471274
754452
392774
246729
1430689
248416
1532827
375904
1124359
1764164
1090773
1807111
1733300
966991
1615918
1517641
4431
429464
1589136
143324
1639653
1529533
1451058
834766
1974832
1990840
441721
1309947
259588
1409429
930482
1673677
480220
1026533
1703463
915717
584100
75423
647925
1961956
1039049
1399978
1733547
591004
1735045
458756
1214537
880939
1248945
116226
1169539
416853
1071548
1769827
684817
378081
1272685
659559
1437250
1072711
812956
1636227
1831372
406431
675791
1367907
219496
1704196
1480160
569949
584859
1817517
751150
1678327
591620
1238732
1482939
547399
1845303
1406991
565187
1877387
1404519
97015
159396
790168
705637
475262
996190
467661
1463749
348144
930239
1172410
1093081
881579
292075
1351421
1351073
1482409
490253
1964035
1165531
1892734
380398
1474786
1632452
1570952
1027964
809866
1462314
1080954
1225656
1199943
340700
1816009
1795068
327589
74036
618681
438619
669680
547389
1385331
91062
1142627
1734674
972325
1656206
741700
254998
704538
1829475
558490
1608105
1173232
1847672
1175579
633538
1934323
776624
1675545
780836
1496087
807459
1516906
102708
627274
1542723
1179259
676232
221776
1105343
246841
1095299
1973499
53210
1483069
143171
527964
1660947
1326763
1858977
4497
1601517
928866
1788166
310513
611467
1746824
954000
850535
1942977
77693
824715
1561061
1304477
113511
1470499
3392
1513662
914997
1234595
968553
127895
1869429
989692
1901687
990968
323810
977232
679376
164469
368200
450454
1076409
1523405
1121730
178627
361221
399540
126504
1085192
1359702
488448
90891
63599
141475
140902
1824757
1960436
1989335
575273
902676
1052190
1230396
1149633
1034477
398088
363821
842374
1107895
1286694
326468
636469
1568320
1630180
1971143
1401172
1776973
1437195
417717
1222233
1880667
1902420
1392517
88544
932587
151926
1134281
1150168
1308704
1417940
824660
1072546
1225646
1678872
1900961
1733014
302057
1386296
1178620
583111
1837674
1598607
1314700
242315
279088
586863
1731632
397135
264338
1797249
608250
350298
86692
258190
1725914
1199347
1285210
1546940
1776541
1031954
1599368
1035539
968904
1888413
1235570
1813364
1463485
326713
17073
1272426
1144492
835399
1593962
118900
903959
943627
320180
1561658
549604
573694
927066
1367529
375398
1816657
627689
617369
1893004
492975
1880704
1017708
1748301
379595
1459349
280006
1254731
149852
1413057
1490710
167231
1320273
103187
1245647
1795858
1740357
1307402
105823
671626
674231
1966416
1623299
1272843
282296
1098337
100989
1409597
519744
1227306
1009410
771976
1881226
975626
454503
1309091
1285261
1659796
1569396
1359442
426501
320231
176555
981046
1666442
1739717
1556307
41099
782348
174355
507194
874545
1005512
1502154
958988
1595629
396008
1212111
171299
1932797
1648148
1244605
1717724
1184290
383002
1986664
1683531
1988203
583324
3551
1004090
1318334
222320
1316389
1513740
1863830
404338
539017
1182311
568835
1333358
1699411
343182
1883577
1881602
1165364
421111
531043
838172
586958
945768
1303696
190076
1048578
565071
363282
1152817
287145
1376446
691460
412039
1049160
1342909
881227
798883
510364
1613463
1782964
1561758
1209147
528453
1831876
646910
1962971
372592
1025847
185288
538528
779371
885508
969602
1338488
1022714
956231
1587918
469182
515059
1889452
904629
591809
1869911
1789326
1343090
347095
753737
1508515
1215477
1988743
1253223
1743702
338076
781280
632692
339098
458460
372873
632068
1027589
522376
695712
1973600
1660373
1902841
1859040
1745110
79479
495662
1437887
1252815
1750728
1443921
257327
726117
484458
631559
1772430
1486522
1549330
96379
1409455
536495
1979734
1545151
926762
1187558
249022
373436
1042642
1139295
1326580
1507948
912420
1490614
1417629
625664
1637316
183163
320662
334505
861144
1601772
1641355
298736
1431916
1514316
804112
452356
1964193
858535
581711
1387422
1331050
1362902
537134
1111467
1898050
1202979
866119
1220188
1357719
1380467
1488274
1975316
1073116
1816634
785789
1727642
973862
400528
391183
64727
87099
235009
1969713
604811
1033841
167258
1693310
1693119
1011193
1308974
1128223
1809885
1900289
441210
564353
1217057
924589
1910990
1769299
138948
1100688
1235912
1665069
1833922
1107808
688691
881716
742601
1558841
885885
1535849
845546
1497156
80133
914664
1249657
631697
1242060
1095144
910380
306772
1936293
1632220
184912
1277290
696025
633109
1706101
370959
135567
404008
1656920
1840235
1958112
1201541
1642045
1441607
540982
1777658
1527673
1090765
1758724
569119
1349257
953712
1814057
527470
1086481
158654
987016
1500806
1351097
1057673
1259797
1863555
238869
959550
166526
408688
1126783
1091029
731696
1243865
997853
1564671
1737971
1675320
723042
1920655
296667
1077566
786384
1865284
903867
1697545
551256
927288
599735
1435210
349196
89294
1843403
1906214
1128773
1249398
1737767
1539229
1076166
595931
562934
1925937
1380073
1264197
1575706
491828
601187
1516709
309062
1013690
1148546
1722330
766811
834121
893864
468046
1940256
1525888
1840035
1025210
1199996
1634894
1487987
1952486
669555
75386
1966165
1099455
625513
1791573
956279
1017429
1794351
150696
1955827
1126258
1921343
718147
1449358
1004702
764876
1229718
988793
1336447
1136689
874039
1142581
856234
1216125
1526453
489911
245472
723045
1808169
1325501
225481
406702
952882
750465
18730
587325
1536590
1214948
219918
1073866
352783
936559
1881920
1451356
32117
1452748
466350
1333270
959104
678925
86871
718088
158657
132469
800509
1198849
892700
1202135
1202728
1708685
1081213
101479
97153
1181940
1452896
1675638
1471586
947395
1056781
1525536
178587
195704
1118056
562264
1950082
1019754
1170655
1905358
1357434
524578
1774204
977651
1422918
150211
1152293
276350
292614
1966812
1357926
479745
1377019
655445
770473
1540577
567160
396069
45724
1128899
107502
753088
341850
158228
772685
1233942
81241
1169739
933683
1946767
591586
380409
1363263
160238
1801464
1200406
1310760
1926221
1727359
1235789
1516442
123478
1028970
546019
517741
1974208
283516
473355
1043707
1010348
389763
955877
51449
1909909
1906631
837212
273498
994478
1886755
587072
1704371
1492648
1558069
1699710
206978
1208240
548989
1938773
954052
1421488
1531540
867894
1821476
539026
1800793
294672
1625247
1756715
1635375
805194
1747170
398735
144790
1224846
1216162
168594
1317372
1771498
285324
44137
1642420
1218633
117349
1564857
1842743
56509
634537
1502017
1422869
42106
1039983
1722495
611561
1463568
1676616
728025
1603356
1010572
849574
523866
1495
1508568
1693159
1039401
1574904
1836926
1582590
1477396
1123567
845491
1969307
452575
1208927
713786
1227351
1762673
1882184
927167
232133
69030
1623579
106848
295541
862342
1010952
1919266
868089
1765013
698191
825121
1112544
602872
1939484
647775
767674
571330
1460643
200865
198636
896330
1053804
773193
1916397
1062446
370071
312748
833267
1028433
166359
893227
1831766
917023
1987406
1309407
1298103
869976
18532
1898879
436643
659216
1972113
1566937
734357
515893
1168835
1349939
1707110
1796987
170229
1812508
1525518
1572179
1185987
1465854
1611095
641297
731325
1568761
1648846
12715
390505
1198620
649184
345853
1693362
707152
1584788
765738
264737
191822
197083
120664
688356
239472
1443263
172579
1567127
927550
211737
1525379
1233313
1749769
774885
358504
846519
759104
148016
485538
1102497
813916
1794709
1044715
1274714
709373
1365481
1370655
1757764
1217115
360283
393681
94424
1102600
946291
188045
1323622
16190
1894475
1919323
2020
1793286
571195
1200165
812633
196001
1619882
595990
239991
581521
311659
1264068
414354
1857038
1435779
1581400
1310592
168755
920815
112322
1594989
1107914
868728
487120
1441852
1304556
195157
1918807
624610
1149914
1506802
1134435
541517
1767080
1853556
64865
477950
1358431
1188337
392622
478842
928499
1370822
5731
641383
206804
1806275
1746325
542807
1233112
1874623
1954094
1688650
1005225
1750377
1320562
256331
491203
632471
902277
1902462
828313
1038712
1705102
888516
1447591
1578975
6385
1256436
1998099
1536730
565504
1362275
1097406
851728
1257344
1568087
98082
958628
60887
696677
1586250
418978
1210359
156691
1236293
1879854
869667
1313072
1102072
1453540
1648074
1599104
414509
807411
1500579
16080
682591
1835810
656958
730691
1623907
1145133
1788566
581803
671469
1450827
1793351
1595142
1527957
1840737
1900236
1824692
1269474
364313
1075229
1981389
157997
1766276
1822173
847014
1484237
246507
1696723
218647
1700485
543417
807897
836128
1610788
560256
1945036
1700895
1785802
1797034
1133557
1797269
618336
256739
960310
491118
163978
441815
1047249
448859
904546
1458546
919464
1634888
498202
732762
261652
1162594
806311
1001774
737492
634794
752615
463547
427
1344693
589046
438767
1405372
545926
280260
1852774
356885
1409176
1131450
993447
817644
920528
369002
1996125
589186
1782162
561924
1604028
1345153
513333
1775208
51040
1108503
1231158
1684570
62472
1543318
1375883
1376478
985656
1695699
405772
995710
1044456
1131951
857310
194103
1730702
1152136
984009
1330608
176897
1356017
675511
64402
520081
1078162
1117469
21168
113579
977434
1777416
1106103
449303
827193
392305
324470
155731
1646538
1169651
718504
828738
1076671
306411
205076
1846721
1565349
540146
1729950
486906
1470365
1584506
1668961
928767
1475343
1384140
1388248
1142181
1233215
1484265
712436
1185048
1702916
1751420
1027236
581697
789066
1130144
1658759
1587873
656428
1917930
1151768
1306297
1308632
1396957
1593255
103727
1825484
1931902
307700
470663
1332427
131232
117566
454242
1463047
32751
1218958
597973
818305
1250510
300667
1190229
1061750
1741851
1963701
1556129
1822448
1643611
354041
223843
276060
169484
1452970
695785
381491
1321716
357731
281407
459292
1777095
1821198
1343506
1233261
1736066
1056038
391006
188452
1422604
1760339
1600593
975174
1683040
170483
1493946
683186
311640
892059
661942
668624
5493
777222
896314
1707940
1750881
418713
1443884
630557
1402956
648184
1601561
747038
248611
1654263
1010707
967539
633189
456621
1127253
386755
1239795
1016824
307102
1429132
754935
1145551
886168
302003
1179170
410095
1221912
33408
994269
353972
1221459
894739
1533841
1785372
1728339
283533
799255
251629
1271436
1840789
1395270
1807351
278490
1651536
867591
1672567
1525247
195600
766522
1246441
1463176
1786358
506788
788979
1216393
1808236
101484
1318528
1645966
211532
562032
1707208
740700
703986
824270
693290
565691
459511
1529662
1515315
1590626
31086
704598
1364057
1961823
997831
334825
774608
279578
1377047
994933
1259933
1052667
962691
1003127
1351744
439177
1281859
1581989
1808684
90791
1304762
1192845
47436
1537991
410285
1901346
1678975
535866
88145
1714681
154426
1285662
1201141
1118925
475250
539682
367837
139920
209109
1244583
85853
612169
1146796
910138
1402483
311377
1392443
1237670
1186711
776584
1156086
496399
1232891
914597
792978
509872
1816153
1661
1440177
941520
850648
851194
784517
14819
700499
957256
959923
612752
1632251
1756080
1955125
43044
1716829
1562767
414386
932164
208641
625408
278133
766456
982238
162194
620831
820942
86274
1745704
566502
384867
997919
520074
1230200
1046256
1409434
1052144
903074
273569
1084969
307352
81368
358521
47967
851568
1025424
113364
1285354
1438526
1254037
1742474
466197
446467
1546867
876152
301326
726257
1728330
1990410
1160291
1830135
1002660
813154
1475376
1911563
1153956
885933
780479
15185
750942
1915657
1582182
539722
668831
710536
78304
942717
1241587
896171
215440
1790683
1021714
19793
83865
909110
903360
1955797
356923
1736370
900585
1068937
1980446
536669
113046
1777948
1636156
927145
690398
735200
772161
1339411
1660947
1263777
1683984
1574081
865480
876912
407677
1209653
1332860
5160
1278303
605053
665494
634942
650457
496575
1539515
868412
415196
1902861
572163
1080039
226547
54860
583221
1653354
1762631
1425585
1894782
277748
677922
1228219
80598
1574268
1677798
450458
1509635
74630
1918368
1738343
1636743
1518567
1740284
1414579
1925285
599707
939736
1470259
639295
509883
588241
1998211
370481
377379
1998381
391797
117820
1557223
363545
1735048
1603040
531638
1224469
1372704
1696188
720887
601815
694518
79304
1407316
1397538
1580622
1571539
1213761
454357
309723
1822666
746513
969505
1685239
1767491
1604248
422686
641533
1702020
442638
1410539
91745
518496
518478
64072
1038133
1593648
436675
1953958
1620107
766113
912947
942275
832871
1308926
454228
1113435
251788
1168581
1600928
1099356
654971
763489
1745090
1011059
1160649
1979258
154539
1477061
420921
1040861
727005
247305
1441993
1224322
1160057
1921556
339462
590313
160284
1826620
1182675
757854
90773
555789
663247
1224729
321920
1052941
1668845
1004440
79493
1563569
1065203
1382272
1560072
24580
1214167
805531
946097
1040979
978317
494455
979062
1679415
930724
1505608
1351495
375102
487541
1515244
701159
259718
1807791
409061
743797
404513
1238395
150315
766913
203885
814608
804851
1984298
761641
1721992
740822
1103328
1334982
585798
1294187
1966866
1254507
1163945
1412415
1209629
955066
762938
357346
1227037
1987463
439669
484810
1020087
1198565
3151
1984405
951879
891613
1342778
817156
1988955
1912403
614784
16708
1050491
279878
285064
1198438
1503699
1699215
329866
380131
557334
1282004
1671804
639502
1006510
1264771
637098
857642
1637252
188347
215488
1749628
1398514
1059147
64734
748311
1538236
1570875
1763686
1671280
825603
1893605
1737015
1761280
907387
4279
784965
460200
1076480
1205278
1297949
648930
1660785
1268212
422792
114027
113494
1609349
1010914
379794
1844008
26338
1309855
175375
1327152
1283561
599277
24616
235510
289349
885526
1761638
61688
404823
1264507
1176662
878926
1527641
1996509
1756625
493258
1098447
58138
940897
485791
1107862
378699
874824
1307537
75000
1094722
170918
1714389
872976
477211
1042885
1799377
334564
1005336
77808
1678575
658876
1501139
997785
521519
1470303
274493
208761
1533210
1473164
647359
1888189
893191
1222727
535998
995629
1228235
380571
920539
937485
1853219
119514
1219565
168983
343252
341273
18953
637682
1793102
56250
86749
1476525
1753970
1739504
1934656
1315777
1681399
1730078
730977
360526
572734
373594
564522
1919276
148975
1168279
1638241
213502
1215003
488062
1721976
1770431
653077
447150
749142
1093375
1934069
478229
411380
1083205
709516
377565
1532240
1016932
113406
1965773
1071315
1066240
725805
516096
735996
1729218
399399
667952
901669
448658
1426245
793559
1163942
155298
84000
1065383
316973
973878
201497
279547
574419
1845750
737465
1340887
331902
772816
1777266
874461
1527158
1577233
1193754
1421502
1677218
783397
1445844
1296510
380346
667935
709818
76719
1330292
742503
1418734
476229
50944
1745881
1324616
1285571
1678768
62973
865007
795
1783952
1537343
565472
1260169
1303927
742910
1722285
919280
1714045
711884
1883798
1696285
1536401
1763694
1421328
1746701
1143175
1516609
911845
1133224
591223
714198
1939403
1464551
710551
1602057
326640
93049
1570349
50060
1900890
811718
306575
1065767
1304093
464880
1437120
1379347
1194737
378411
1777011
1474570
400541
530790
134072
51899
1083937
254303
1979050
33189
494931
946396
1454183
53216
968888
1005575
812041
1645284
1843015
1460538
1467372
845498
24775
942192
70540
600167
1875573
1614271
448093
1378855
1020574
528577
1481161
1653479
835042
294171
6812
1885486
347049
1719743
1583124
1077682
1623821
581808
206391
1793217
1614102
966976
289740
963758
1058832
1675745
387143
1115435
1032661
741609
1797342
1001773
623867
434580
890917
1373501
160814
1351750
1016016
1572656
1794352
1986520
1625461
56698
450433
517413
439596
1772949
1971106
1099599
164593
558243
1480623
1671363
1293950
140294
665598
1648831
286127
1284637
1100809
1979106
966767
1133019
1546719
1870036
1813558
351301
99851
914155
609997
280906
1763977
1495639
829722
694554
1272386
1399852
1567598
993743
1398166
1757017
1427431
1095165
1336093
1610671
382578
516819
1934853
1412267
1815009
1270906
57676
1552933
1239707
818410
1133578
667266
446368
957875
645326
1253832
1406818
944482
1508181
1159540
1075865
1074717
1248952
1228399
55825
1939951
1866327
63890
208648
832570
1198913
1256933
400840
256533
474920
1762541
1425041
1872557
696914
108854
1183217
230977
214375
1470267
1051693
1903258
1551436
832048
1192517
1067934
280705
1844894
1865176
1516261
1566323
1530347
841655
1296716
88168
1761381
529199
1788108
296827
1405404
869428
1056790
26564
399
933198
1797195
1209981
677225
1969330
632035
405733
1115497
1188220
1786724
215473
271319
408242
1167499
1766161
1101293
953953
617075
1002047
981080
1400628
1114032
438703
1155341
1296790
964624
773828
1727570
1138273
1765746
1649596
1150378
741195
840824
889802
226765
361212
1931383
1356034
1663166
1019750
160236
392806
1210740
9913
1369575
898517
846496
1214006
443637
1192350
1075238
1210650
826692
1856725
712431
536785
1979445
1643472
644881
46317
226684
3825
406039
443456
1369022
1799546
776788
1736884
221385
1299540
38394
1247353
300706
1442128
430891
833700
810805
1376625
1832820
68305
1002193
553631
1053286
33827
1310141
1436148
790598
185828
1842192
75254
1295727
1477644
914972
1491087
1063997
1320676
11329
1902050
742669
1135509
1653663
139281
1886020
1844612
1134161
1655340
114169
338485
1288654
1551150
688737
1092847
468300
952296
380468
129204
828146
1311557
1470477
1701071
1081481
1613657
673444
141942
1562120
1245917
1245063
449411
1761057
1098454
1047403
419995
167681
723587
1990207
1070573
536964
1423280
944410
1382329
880365
465789
896110
1093339
1060375
706877
341179
684319
1697921
953223
1142844
1769854
60306
1598639
96331
398719
268322
818873
1108576
444840
226709
602101
698602
1957445
723035
1202636
399272
1071298
33732
1534100
541911
1631720
1223631
1890912
400205
1165132
1935925
937105
1049320
1384424
1519869
910813
1087244
514466
1430538
714857
862220
588039
1636426
392551
1897264
1039483
1867770
486188
463671
562785
1006838
486234
1533321
371807
564395
145774
1899739
1690154
1610484
410424
644107
1729145
1867898
1542329
1742077
1516619
1129320
33414
227246
1807515
1079935
271419
1676367
454917
99672
1680003
433037
702689
1930475
420776
1735685
1482880
1410453
1043449
692522
783789
1962791
1417867
830228
1875520
1316980
218627
410769
1634465
1449605
1308057
851341
1882695
1286691
1695900
1322711
1886992
1248783
1820779
855618
257193
422039
1817155
194096
1344037
1397491
357070
699478
1916805
1827220
1311382
1216222
279717
80444
426103
1081571
701228
1558491
1376240
1870358
1499997
545579
871777
781094
23016
920216
1631931
1793491
552783
471298
1510366
758772
1834573
108561
57692
564042
889707
1704329
156318
819141
1470673
1173440
1275369
1397579
548534
393921
627406
545740
484945
697216
930506
756376
1852572
1203900
264678
1820837
1207614
512884
1641960
115410
351843
1326154
847971
1894752
932707
1092310
532142
863898
21486
1800107
1479441
1306576
713480
165014
1617867
1046525
479675
1836333
1325755
1145745
24662
1313451
609663
732227
1602464
1120021
974397
285897
1008969
1026689
960801
1501887
650070
87850
1905216
1121686
1337315
735593
1101092
923228
1082436
1201019
876130
280194
1536414
547727
79573
949354
1417407
1430537
1415881
499463
292734
402396
436088
1448886
855785
1591514
1703859
1970509
1296133
251203
552870
1596608
1875666
332586
668787
1337881
309150
795575
770232
823075
1224410
1021133
905678
1990717
523031
401753
100907
512011
802488
835915
1628967
146392
776100
890901
1830738
926460
943905
1347733
316701
1742537
1343368
1035970
1769932
1811664
1897903
1292796
1157468
1796559
336916
257848
901425
194800
994857
297299
1668523
738255
1038156
698477
866030
1741250
1924245
52390
995389
1152657
1930067
1468843
1499515
1302030
694747
1867556
1663489
454149
866157
189924
1494149
237613
1036095
1251244
1446598
1770828
1570496
1474390
211074
1651689
760329
1952699
414942
891450
1383759
1770002
1652403
1052207
1121624
1857634
1982805
356440
763741
520833
1081694
1834807
1756692
333728
1870859
841124
1161984
421697
280576
1969709
508201
613101
64743
2585
145634
968645
1720374
1158425
706082
1444599
1813451
1275036
982400
1658610
765460
565808
1391648
668588
1974597
749051
628080
1644899
982992
59607
606570
292432
943650
1132393
972927
1281657
1907608
387819
1076342
976490
897530
525451
1262998
28637
1754022
417144
501784
1697593
9807
1726743
560597
1654984
1969576
1523726
699515
486272
206711
545061
1970661
1815061
1534700
393299
139244
1966283
378117
654417
231421
1302061
194796
1490485
690574
1576821
727150
1187449
1475063
419342
1818480
771217
1881984
1440071
489675
943909
532086
141471
1142960
1731651
863540
747208
617497
1579021
488610
577376
1750498
1341223
1696691
681452
104341
460633
65723
1621045
915698
1354679
591105
1426786
742784
685550
1679618
1471865
343436
696756
54495
1848417
1953125
1066594
1163581
104566
1883509
1672146
560673
383434
1527490
122295
524785
625259
1253111
43327
646174
520195
426148
441688
1482232
924806
1728946
1455676
502458
371863
620453
1600062
992057
1517890
1071434
805707
350735
1134533
485038
753724
1045260
1396638
801150
1276084
1579259
530517
1349997
661421
1789180
54856
340268
872579
904155
1587731
1176433
617296
640537
86639
253690
568182
1251446
444238
152108
1132742
1265357
1474665
1800429
1122746
698149
1649762
666402
1907982
1923031
1655426
393700
1439853
1133017
317779
1661055
1624751
708980
623483
1031603
857052
1627397
1420786
434843
320106
725322
1825503
818535
1006335
1362396
1584847
124037
1698387
281095
399668
1186456
479782
1572351
987446
338707
878788
579430
237046
300703
474664
1352727
582833
1018629
1898735
191421
1293725
1692840
1086139
1393428
436287
937363
1920846
1637762
835134
1431420
186184
882069
929215
77396
1522117
1865376
1181828
1376236
630309
545089
337648
1392617
1946597
1746999
185417
987272
1114944
1867629
341187
1087412
1425386
951956
430573
20451
1861801
1851208
1317631
1290313
799439
1668346
664030
442140
594662
345518
1934706
701679
1542027
1514620
666312
1571996
271692
1072723
813798
1337139
791560
958570
85339
1250087
1219701
1565917
1327670
579007
1642427
807795
1564296
1711777
915032
1769340
1730761
1454244
607976
1799670
1281572
1523400
1847495
1673017
541476
332521
1962566
1202339
422793
513979
329529
88407
1890497
1813170
1260223
59892
637870
1031399
1343419
649229
1685669
300566
441277
1740045
910295
1021606
587876
383350
1363568
532837
961889
1842094
376364
352580
587367
1863004
1387364
986512
1101041
611319
1995465
162993
753658
191182
165947
251755
7304
1302007
434431
62264
1192744
921299
1835009
496336
1347407
1878684
1220951
1826121
210521
608741
1423767
600665
156052
211972
582311
1326352
5531
550264
633652
329548
1566722
1510768
634060
1228709
254244
1848845
1134283
207687
217017
1769234
1041189
1471150
1787789
1771670
738767
365482
1128093
1526775
220089
1205281
1029647
1303559
1733001
637203
1603057
163665
605869
1326549
1787314
1115654
1342534
138537
1349952
726936
1923806
1399518
170811
599213
292209
1191613
1875507
1191748
1909343
1565921
760598
837517
1662827
1162451
724989
1122745
1999882
983251
1916670
949034
419869
696010
1754624
793998
463942
1161556
1641497
889444
1154455
118700
710258
1823147
1101287
190177
1913505
1608949
1339539
850383
410825
1331728
202093
1449981
140344
963284
1896323
329639
592631
225465
1477233
1705887
32344
1922626
1298805
551174
1690008
657799
1072992
725100
342708
244737
1182225
371436
160025
469088
1494114
1976213
105983
1822122
1556437
441688
1504228
1362860
1735341
943796
1166585
1550942
1804361
1669670
1132038
1425740
246999
35285
801262
452827
1099398
1286508
1751131
1408062
623875
293530
40783
1740020
1436514
472329
1618946
1267563
168361
578815
1392577
738205
617267
229601
952277
1974666
1390029
1785976
1278361
1912853
836135
1449887
254030
586810
499648
1577792
1553137
302148
889347
700156
1307610
306240
326234
905211
929734
1815865
734226
187022
252656
1046679
554380
103966
1801039
138343
964405
1128030
288959
323151
1900567
1209668
517409
1249375
1401486
689620
571972
1131454
817204
1168718
1039134
1930054
1291893
1386628
1489640
1789400
1410922
1540512
1505196
1016511
1790834
1596996
43725
1099279
1955809
229199
1646322
1471195
1564168
1980718
595060
1991646
1949913
1415568
1111778
865813
1649983
653484
790888
1805832
1730330
1780451
1406423
1149795
1224191
1636068
1154267
224823
1833556
1859702
961811
685360
956915
1075550
779116
1666504
1524450
1180867
1599389
234834
849684
1626575
1858162
403019
1411921
1786921
1645997
1297755
1980429
425823
1796234
1963789
501687
1805136
1897282
776551
147544
1902242
311840
406894
326720
365780
299492
567327
1776763
842978
1790349
1325848
664969
1723437
1473407
1376007
1112776
178009
1217637
1468016
265984
581746
1362354
1243839
315125
1127773
806865
1377343
597454
925383
268923
634576
89133
711765
1969837
1937563
1142436
661770
215120
1998475
1280019
556321
5430
1850150
1057332
1823352
1478162
1838124
1698256
1892690
433544
171746
1783071
1818127
561900
1146100
472049
306412
1168163
1984718
343178
1783694
114071
330626
1107321
165181
125728
433164
1789718
761812
1603917
1616617
962831
83799
1818636
694936
1108820
757890
864562
269438
1966142
1949091
197264
1510756
1015299
830122
690038
964746
239679
1194601
1203366
1772696
1303722
1872447
350447
159973
703319
876692
1379892
841381
1698992
612094
536582
889979
289566
1284689
1791599
229862
1026042
590049
1166732
305915
1266607
883800
817365
202494
1034661
23450
947600
1780781
1944638
1126101
831086
1467350
25358
207758
952039
1251502
1483734
88740
1856253
215920
424495
1818790
1421647
832864
458207
1807744
24072
1006085
1739252
873336
1692658
911866
132164
124210
1074142
1117592
559064
1064068
380953
935138
1334786
689600
1599387
556962
349087
751670
1485102
1384102
1777808
1958072
627940
910592
1658428
805683
1988955
1653111
67649
218666
1635037
302348
1994679
932717
1925301
85700
767979
867485
638899
1058976
1561823
81473
1637702
1271006
1435238
1884339
1491260
1927911
1397042
256677
762843
1356297
609086
1090228
1648119
405322
1015528
436774
1101049
62742
1961920
470520
1921565
1874797
642551
413167
1990947
1559179
959226
1055400
908047
847480
1588690
1475140
703055
380729
1967821
345086
696963
873286
805121
1292844
236889
1310937
785919
1563433
1157617
149761
675233
1401017
1420006
1788417
254334
46047
1542422
1138385
1767516
1609879
580216
490097
1039851
966878
1413540
1712869
1051580
1932729
357926
1683460
1884143
1087097
1695655
794243
835487
1308885
183670
159778
1482348
890277
788847
1409011
489331
848135
1318188
794184
1901108
1027822
116054
1343412
1143424
1186899
1752745
1666218
1219258
603792
180650
697377
1736531
63734
66120
1635926
1092673
1612271
1324704
983696
797385
1671478
1853853
131046
190079
531143
1913974
157603
412966
1468961
1274381
1130188
1359971
22228
373681
617897
1370012
81898
458414
1190787
254651
1640237
1930809
336625
81905
1134330
1557853
1594209
265739
1147961
169962
536302
1138542
698062
1665500
1858853
651445
1686111
1737664
457367
1224760
908828
1369739
1394942
1930306
818788
1291406
650668
1523012
149407
427755
961890
523431
1210455
1855832
1482822
250650
1639953
1107232
697377
885400
1470802
1917526
964725
100224
329726
980402
1081495
442718
1428757
8157
422326
1185011
61751
923145
564430
259991
961675
174779
1676374
1109502
209055
1870962
1443578
201571
1687700
330328
1185961
909230
295193
953503
1491027
1425414
325783
1698275
1749682
1426726
1989455
1044468
1703313
633476
1934838
775897
816070
1033439
1697571
634743
945843
655839
757118
638315
1995305
930789
280422
476498
410315
1203069
83166
1991882
953791
1174105
1760269
1253059
992513
729585
917581
1929348
1586711
1021847
124076
1002329
420268
601049
47630
457978
1870224
356697
1364932
931174
1066736
693031
1320633
1970012
1763847
1980938
633095
442493
466769
1167458
703221
288475
1132267
1920544
470732
1476978
1964599
1380973
170933
957635
1258537
741391
1192608
1891419
116529
627153
1597679
276060
1521325
1704398
1139906
871170
292913
1865926
1880368
388100
1046875
1541382
1534218
499972
1878989
573961
579500
1142744
1415715
121292
1516572
1415267
122529
722088
1226165
1263063
1387331
669318
772183
547607
1536501
81350
449970
141964
1096329
508015
596125
106622
1603069
1138669
1800986
933272
1695704
1482007
197425
877642
425434
189817
1348303
1235598
536235
726421
1082150
846025
353386
1233296
957801
266390
1783220
264014
1257066
1187056
1953328
1549382
248558
1202569
1579547
36580
357399
978638
776750
1224588
1922973
52061
643211
899364
588733
1882667
1478738
1918366
884178
1798265
35627
253389
1464884
441674
613016
1621375
1213972
267145
751086
301722
1693678
1995049
105155
449884
1665
282440
340147
1256467
83493
554299
819229
172477
1185648
578944
1651750
995209
333662
1605517
1624680
360888
1539986
1945774
90541
689953
1359390
624252
1756316
422913
960497
1142323
77146
1041992
321487
1877646
831878
75468
1647663
518633
1760947
1744341
1720475
279236
80961
1248681
334113
1122420
1080817
751475
109912
86239
1903844
25962
204623
1488579
21940
1500320
1214497
997660
946388
1926205
1548070
1366794
378842
475388
194405
1310772
1479200
232907
793203
210618
1770873
566431
1930541
1151151
1962917
590714
1017008
1206288
1129799
351687
604076
1691391
1922192
1040912
611813
224654
1162022
463833
1974040
1355252
1235486
105149
1753845
539306
1259297
1097825
1582807
1548436
1393993
1216101
1552213
1438928
1935669
66814
91933
470713
588442
950044
1396930
1673255
928168
1346315
1577053
698086
1790685
624603
929900
1498389
1900764
1960272
1020769
1432216
929852
415531
166680
1083101
1130876
1221955
489659
361160
1799799
1089454
1924177
314838
1241421
467373
115248
544615
1170150
419917
545735
556798
1763578
1894080
1785385
338600
1248925
1409632
721326
598045
1027074
1346495
1797882
1568373
151776
361566
967974
1675465
390518
1534671
1751609
1489081
327289
1766968
1456138
1344323
390572
1501785
27789
1437471
724126
271224
1935542
1016538
1364174
1890432
930083
1995522
409402
957884
495067
275554
1350903
70240
1129728
1491663
168931
860114
1596555
1365177
384008
927975
1103948
829291
36094
1744198
1252257
1607750
1595076
1038141
1566124
749757
639524
1787129
265003
128655
619908
88448
1433522
299292
1576038
1268961
1344372
1886300
678250
848763
1727884
55382
1507501
444061
579444
1025770
1632694
500275
1389256
1997367
114378
59521
1878133
703949
1270630
799485
1568575
1211456
1707968
678466
132619
235317
1327743
1198685
1817515
99914
1061619
133743
410703
1005720
784602
1276599
26443
34197
232031
138438
1230590
1413643
1326465
795855
1862871
631193
789338
148851
687588
1117043
475612
1862006
853213
411768
1374745
118332
1233192
1040885
937109
470658
1868740
450343
613601
1770830
1589259
127287
257356
615358
242531
1226531
406193
1804249
1190623
1005931
1055735
1100810
1399286
466297
1801604
1408009
1688926
1966018
253424
694746
1643891
807373
20973
1116136
754588
1485999
1700463
1659072
1302587
1675843
450955
1881044
1522852
1341363
1527301
311696
249668
793224
1491665
1091909
24722
75224
399949
443593
1320898
517753
912631
420630
1246586
1083531
1461997
321585
1506892
265913
1678851
1442671
273990
1086061
1906965
402070
1404486
860943
1553298
1764312
1047431
468441
1862466
1213309
1478223
1026111
1565001
534488
1676276
443836
1391328
14382
618884
728326
1477660
1889174
749927
1522423
1798318
915491
1833428
1414031
398496
1096069
184665
1990535
45281
1873451
1504465
396401
1689872
1366920
659765
489090
807282
819780
1445112
1944630
570656
82681
582815
1908265
1710512
1317583
1329823
1595100
1487095
250505
1201494
136891
950108
1330341
75838
1083055
642990
262836
1968219
1149861
944561
794792
1496437
495450
851644
1843394
1951298
793931
1112882
1819524
725995
155445
845126
1287588
1805715
98703
1238947
103432
1269255
1282182
666473
938503
1083746
1510050
534423
979009
1003634
1265407
897011
537998
36930
1576914
1658251
125948
1095538
833720
205157
1314207
35245
200221
875150
512196
994684
34030
1841351
533607
110695
1298502
1504352
1204515
1096903
1708581
1021589
1983634
1135170
1705558
596564
596082
1559304
1663082
650488
557959
560856
82648
845462
1152591
564182
1757072
1266427
1284348
858997
372279
856516
792575
313694
1662611
854443
321670
495738
623243
1698987
28808
231140
285222
517520
1680050
1900017
455122
1675801
1525473
1747306
560559
1783415
1400289
1708697
1731031
292519
1399568
361682
1119088
159258
891061
1496986
527509
456212
1738026
312962
1627674
1611668
1267007
657
1815957
287122
1532084
249484
1840137
864553
457075
227332
1288910
1586829
39465
1804821
393861
1172920
46364
1225104
1686361
140713
1637296
1295772
1777228
827561
1452197
1963318
184680
293185
76
75568
969260
1835380
1094059
47733
127720
171477
1681069
237014
597563
1602780
1823774
1058688
1762879
1963985
436529
753812
109645
1854844
899675
1308178
1851649
435061
814244
1811409
1505813
1847988
550314
1777651
1026160
804349
422635
1170907
1439516
1925616
448506
923134
1492937
1132528
1876730
760207
1762915
578336
935299
149738
443363
1562530
345563
1258249
797785
1580034
1305782
558872
1055298
1137085
425323
1637355
1891403
532742
1037848
385472
820554
54059
1678072
1456164
1802083
1270414
993484
143190
1916815
1333144
759891
757345
1745309
1363849
1117254
367788
301015
628268
1370676
1987524
371826
1403813
1610251
1204816
308536
1727634
1085391
1889499
1158992
1057960
189779
1114119
61854
589318
16558
818364
1314918
1980600
428266
561004
443832
1256428
778096
443663
510174
1150977
1458410
694196
374742
743450
1130711
390883
616617
1312822
609996
1849769
1111530
655934
541094
1039619
288652
1441530
1686798
1130891
514884
1620867
367708
1061847
839380
1438367
188576
1623289
1890819
1390154
1051549
1805648
1686121
1643447
264622
1372077
1420245
462932
1223268
1573881
1881539
567982
1914753
1804798
913850
106512
70858
66604
278942
1183881
524085
1673893
439263
881948
1853715
1065630
1003076
1789706
1418831
1830426
1973426
1545214
171938
906136
116540
974190
1269020
1620660
1323272
757388
659334
988864
1630148
1292196
38337
1423134
1887363
1117219
1662218
763950
609866
1852533
83389
1085150
1970203
574993
407315
54489
931441
1468875
1885217
1106881
722378
2762
324691
1411567
1484713
592090
748891
1109913
136771
692940
727389
1210612
83490
771147
1207
834619
1482201
45349
1168828
1540062
1813859
103534
1006334
363211
1005690
1696220
76371
105995
1467581
1901992
70720
1732401
1345477
1619082
1040093
172105
1135604
859572
775856
1133847
611687
1417766
1219840
1467412
1023388
1074577
1063002
1638507
643843
1639051
498767
1658662
1997622
1326230
554700
1324863
1758874
331526
472530
1413473
281791
1004047
1151944
876782
81686
102360
1916709
372182
82903
988126
1760308
1897451
755270
507619
1406611
377006
218045
1250925
245097
1533257
1668566
1657936
134891
1337539
482101
1836921
807725
33889
1860684
305190
1205320
410903
953975
660990
603314
1426004
1865319
450361
1447032
558992
1146022
1069557
371948
1211847
804844
1351217
1780644
1073781
348549
863481
1396035
152808
1049715
149441
1597145
1491740
1916970
1963992
1044119
1657212
1786961
882928
1317175
1885829
1189853
255799
960329
1867288
899758
1313785
289031
249309
1010407
871515
859263
905500
596557
109214
602095
96234
349091
789887
1132964
1442991
1311850
18126
1355206
726861
389983
143890
1966942
1727889
567316
492554
1050609
327577
1037933
1703687
892951
1240030
900140
999709
444912
770364
1291810
273602
1693454
629448
738831
903289
593797
548831
1268897
324267
635957
832098
1146896
470161
497516
576110
384800
319692
546551
760956
392382
1892260
1763003
1655880
389708
1399229
1582743
922545
123203
54309
1622654
7966
46581
1557189
641506
1045008
1572985
11245
55868
298913
1449839
1595570
1430165
22938
271360
324533
126741
1099851
1450785
1062664
1520689
641064
1664640
900507
24108
418082
1102426
67484
422089
727560
153334
1503659
66197
1210403
1675385
762910
733127
51104
1795035
871080
663832
109232
1611862
1775611
779347
744713
965736
1670090
579093
507823
498424
132069
274443
1558203
1343452
1917616
89114
348534
1163782
1541544
1209492
1629680
1919703
32624
1628987
420432
1195218
406116
349412
1176129
340610
1980893
687220
1500277
374074
1176580
417287
1415286
325312
853552
1968284
378936
433499
1689837
450181
1322774
423916
1463325
58942
1123975
65459
1238628
1850946
352634
759588
1632901
586542
1831269
558304
1704688
618947
1651190
966593
789542
42963
18711
484076
1501494
1910858
1965115
798785
1395698
1426700
1708710
136519
228750
1226477
825856
53619
847909
1687107
1727449
655746
637424
1880389
357111
1009318
1092612
731256
1675069
1072280
1061131
1411495
1901222
1280695
1426885
1547620
906353
1617438
700180
1362233
847890
1102663
133611
928144
446421
1314345
382277
1479008
1584292
252622
388011
882473
446682
1207794
1053129
696988
839231
809577
1936150
291511
917673
410276
197156
1620623
74784
1586507
1300504
1283793
391059
1807338
179303
1312809
1986396
1513
1532543
1110865
277309
861676
21615
654350
1641551
1200951
516284
1722783
1777617
1482103
1012922
1018512
299710
421389
1334002
1917938
520084
313968
1768191
371873
1195650
1211932
871463
1335461
710668
94870
1500356
1464409
1150292
965434
1478346
15143
1846942
585558
377971
685050
1227823
889449
1850942
673694
1707877
621510
252417
401337
146892
1265467
722271
1654556
464762
535173
1283072
1103929
266194
732301
95812
1973512
441568
891108
129975
1684049
1678950
766001
675248
820853
607845
1309564
367831
1577377
1561362
688183
9509
1552607
1403156
794739
664233
448402
302454
1647565
54329
1172853
1251223
1205924
510004
920114
325668
1453287
1168863
550854
508324
803665
797068
433399
1046671
1335779
1562057
619512
421409
1284297
1634629
1496591
1349266
846268
1281831
1678130
983810
1872317
629904
261887
1982817
1521360
91799
28161
1820985
840735
1558056
1218638
505811
1320555
10926
419594
531005
1432079
1255057
1028362
1284619
1500380
1326244
437435
105890
432786
1142974
1437384
636749
1512582
798784
1208044
424656
1159536
1343415
1084485
27762
530782
1225617
1690940
779216
171079
1388774
1266251
87068
1642634
1100562
1264656
1342879
334992
259112
281738
369360
985067
1861901
1500388
893366
1948003
171380
899553
1298896
960342
571169
431373
62301
478484
1870118
1248470
1239884
1769289
1465148
585803
266031
160679
1457933
119030
1477024
303365
9498
483747
499277
66860
1987372
1190149
1321126
1370430
133853
1876126
412959
22094
707084
755046
813955
1874438
438354
135652
560997
547879
1017771
417448
1480674
1453994
782625
1469157
1470200
1600608
1922619
1795449
71643
34015
596019
1077045
1839389
37487
1789210
264304
1885164
112574
1558108
432741
1050416
1501559
1550546
131432
1706763
983499
1455583
1569131
1431042
1379052
674782
514400
1790004
665387
846050
98270
1483443
1165411
1685339
1319641
196526
202529
1220730
92063
1285348
1595624
1698642
1539402
655811
657290
583197
1456801
193477
1911226
1935179
525880
309959
1625455
558700
1121392
142114
1831562
124153
574355
1217619
194047
762297
1570191
1042401
985914
460678
1499055
159326
1788652
1285682
1244347
1357464
7998
290230
1650092
137366
1432711
155576
665241
1368718
402850
950630
664044
43787
1125516
48735
1360068
1782460
468993
283874
456399
1450610
1153618
1151375
854946
385265
1976317
501325
1271457
879432
925561
716972
876261
411297
1328306
1192257
1266752
1149932
422113
756293
1250389
976543
1715561
279307
626454
109635
1461404
1936178
1686334
731035
251363
173023
554226
1682187
986265
931103
1409186
1922192
1465544
433843
178823
607775
459997
1739876
1384958
579818
1617851
1984530
83661
38883
1910133
1553286
345474
349274
821355
1826770
1898293
737408
1662692
1366180
503231
830887
714806
545365
762474
1869650
648680
275499
170583
1133265
1936030
1406452
437165
185223
1646080
1714561
1256885
857192
921471
506677
608141
1709879
1521293
1547719
952598
208762
254749
1952269
1578702
550038
1809674
920289
1567357
199736
420800
1695686
1501358
589054
1182150
1743946
2113
1703649
208219
1464105
204807
1616679
182287
1872588
383801
425569
1065822
735883
747303
188078
1599242
1691787
191438
359095
1295601
92504
1440431
1129414
78913
1601236
958043
1557644
775308
1687812
1142231
746077
1767191
1871426
850766
450604
85075
1046780
1358913
900810
359005
244008
857437
1119022
268850
461876
1963256
1352231
1845281
1060128
1070298
1493413
1005682
285453
388569
393245
1546810
485423
702421
451060
1731038
1446449
113061
1558454
230245
1683554
1413659
1161772
1523329
1855342
615313
924962
1175021
1315813
1047020
932202
515517
40460
322216
18640
578601
1504954
102975
1743935
1535404
512070
986495
586009
493019
1204292
1403780
976106
1715105
290422
563741
363548
1738589
1357628
1809662
1607696
295785
1078244
1990806
1616550
1637339
921783
925335
1913650
148012
1108803
221092
1452175
381988
367467
406342
290416
1954330
123250
163097
1276603
1382170
294552
1842002
291998
1148935
577467
139216
1931097
120955
953871
1199981
514523
1184765
894752
955979
29264
1771075
1939722
86278
1442515
1536072
1033939
1416678
199770
1825085
232178
655395
571175
596288
1041185
1696836
247513
758545
576970
1998123
1338505
545858
698238
1209276
685450
1437506
1265074
357773
280461
1138799
1541029
1491558
875305
276137
1130955
1291877
1321313
589808
1700269
1062505
1823028
767390
128968
72271
470918
1313793
1377927
257698
1894873
393409
613532
1580725
1380456
596271
1187298
1102926
790189
240976
749998
1039640
587303
1344207
1183870
1031283
1555442
533872
1127237
1841497
1856699
429129
1019668
4826
1546001
691314
7684
856634
157666
1306259
1317779
13803
415688
124542
790736
355886
1842059
1320000
49648
36942
96016
1412625
229208
1135155
1700852
643720
767978
411378
1210950
542782
1333824
719355
1609016
1916236
1873555
1897792
1596514
1623268
1956697
1346361
1225898
1529411
653754
1055868
1804551
632382
1745928
1005641
716313
867122
1798055
1682127
1489163
99231
186194
1361471
1787976
301144
300440
732631
1475342
1775723
65045
1122044
1222247
437112
877177
1849573
721842
769978
955203
1434471
67334
138689
1218452
1116983
1062317
140040
578097
475239
1915265
1247319
1034980
1977456
1409773
626630
126691
661963
38928
926049
1853751
889203
1371480
278733
723638
337123
652010
1521307
1062727
304811
932579
375254
1752980
886545
1907848
1457953
1703834
1370269
614690
20944
937545
844992
1095942
985111
1042702
1478325
842572
752026
1586926
1311866
448063
1244156
80560
682988
1935819
759242
83633
1439431
697189
1155928
648574
1427127
1091997
1210141
1338974
1795146
68649
1994578
240810
507210
192036
398176
1056404
473540
375963
696991
1062392
1999408
1809457
196158
1334635
1190987
893206
1221320
300411
1833013
1294329
451432
1888088
1839472
425629
1869650
1341103
1805524
1350827
1494206
1032811
1861336
609963
149130
1602977
1380293
1590345
1318216
1303658
1752421
668008
1072501
690335
891195
58620
1344035
327273
1076945
1413160
491874
1060646
1821636
469974
1691314
894766
1954843
1542996
252875
671462
909101
1642210
1139855
914650
1432602
569558
1860524
717786
99513
516766
1987473
526388
1351706
553524
1909504
1443211
1257077
1085995
507667
988098
771136
154533
1641051
356251
676148
1434907
1649023
1534205
75409
83119
1731249
565450
74772
1114450
989388
1764746
39615
461498
1546333
135002
1731427
1557382
777170
1131304
1191265
1698763
941001
796176
349500
1003001
1752547
957930
1269051
758356
55708
1678734
864953
1050303
166860
12027
936680
1538479
1728232
1467767
909767
1675125
1052513
1324732
253775
1246131
337828
1510633
496221
1239148
916157
629958
1449884
24107
767812
639334
1368697
1197049
1070074
1843923
1447039
51432
1676178
355617
239774
1494853
1391287
695562
1143570
1554218
1348296
920963
613870
1604610
632551
426796
124185
579307
1978345
743092
829729
1399056
524333
1666291
779475
1104110
196627
1550992
1624608
676015
154790
24883
1339645
1528622
1758854
1436182
132720
1792086
115286
1186576
198906
1577432
139102
1570885
434935
318501
279063
414009
473381
1675639
1247649
774767
1694988
869431
551924
1571860
330656
1413591
623141
1797125
901132
1791972
294358
1407010
1896353
561569
819206
800238
113914
271523
682732
412553
1289345
1722857
1127418
53119
908281
486073
1726841
1548800
724449
1886751
1229071
1473632
602899
1894602
534489
850825
971532
1764417
811746
1376146
708995
914617
1553556
499969
393581
555244
1282133
1351818
1925483
905735
1288333
92222
1228524
1922496
341427
934359
1306034
892980
1349592
1114472
1327462
762719
935916
1177146
1282521
11354
1569411
169478
1691810
667558
271347
1243955
1402487
1748134
1669271
292201
716553
1066390
995085
1372811
1431071
1272984
413789
745374
541
1702571
1480996
111212
426068
1925743
275286
1204174
1410125
1425795
754306
1151098
1364644
758552
916475
498331
1108787
617446
1403636
962384
289793
117936
1042994
1450887
1344713
58791
1549870
1729102
1810735
1065965
772813
594889
1285315
1543141
1518695
1170736
176362
1508767
469247
1615625
1766726
47821
1640108
1604127
239746
494545
263735
757378
1301670
611915
1706177
1214072
1754592
8582
1427068
108212
1840974
1694449
1963132
173082
1125064
1115178
525979
1018808
141035
274089
1332334
441213
628075
326897
94409
1436660
910573
1234749
491303
68361
268665
1536257
59806
256387
78402
1667439
808991
439872
1747314
119730
749130
1248776
120058
872652
1653039
1442570
1034768
414639
952265
1199547
994275
1359545
74847
1672091
1915474
1806716
409131
1306513
848095
1875444
1689307
131194
1747225
176102
1812264
235720
1652729
1931510
1734891
1318095
1051730
438057
818440
167538
132667
453925
365867
1719650
304474
1560294
414356
1244703
143233
1431491
484
537563
1333674
640856
750659
1214721
1364350
642107
105412
542549
582444
400101
155845
136862
711594
468581
1786392
367433
373166
1536619
1160618
1088886
1054294
27568
1880631
1460292
589757
1425694
1950923
1252651
243295
180765
892729
297342
1996253
735766
242278
1386617
94145
1259629
545645
1266381
711381
392102
1516096
1338582
1322342
768598
189692
880195
674206
671791
1652406
1794470
1576046
1421194
1646088
1483817
946249
407321
627568
280038
1021365
1809705
1438501
180431
1911606
1931679
318510
1265874
1581548
1920566
1830539
657156
922314
1646534
773676
195692
754380
1208630
65847
1094201
27026
90068
39176
1150350
485669
916812
1353517
1720384
1943770
1663145
75582
1638455
427208
1376145
1014267
1407716
1309457
1133718
1695251
1087459
630717
697594
1237298
1322937
1107230
336485
393933
1657990
499145
1326436
674163
496017
1118355
6202
1999957
1922063
759807
552142
164255
804949
1067642
1219694
1753047
332648
901519
1107545
1634783
1726327
65648
23685
1691748
368927
667272
226608
1722288
659335
1667170
1884711
214538
1651025
1656012
1596724
1817152
977288
292096
134902
824145
1205973
452329
1837756
1056854
267227
1928264
1024928
780420
895230
1190725
359676
405692
1895341
1597588
1810135
1279352
772817
1368879
1395275
883642
858535
1337685
943146
1239372
1445645
1000132
1382000
754803
830005
1074557
755426
214610
1416077
1129600
955634
575181
587087
1571119
1762247
1680973
1629000
277946
1485137
1787608
25651
1104320
1814679
1594408
456295
1836127
719205
452221
744441
599900
1940584
889914
1826937
458780
378629
1119392
1407780
1631709
1360180
68390
1460725
1821832
1874829
832426
109412
1320914
425452
1156537
767749
1711712
211476
999675
1105134
1932056
711510
1768073
1302897
525963
1786733
1205486
1077703
991966
544763
1204953
214835
909515
54147
1776109
1935062
729839
695621
1648328
1539094
1692197
100185
829512
1121789
976244
491944
1456761
615575
1580496
1494957
1222969
168105
1274776
1190875
1388663
805567
1052031
1659355
1154030
537268
43251
1742
1521948
1214423
1707201
1324348
1964386
1228215
1542456
1647082
1490237
1846757
1148380
1709427
400971
1774818
1731094
68017
465193
673440
489936
1242064
169139
1985153
1386111
1788714
300970
902161
1747621
797748
1733874
142893
969495
822326
1047377
204051
1848249
222357
1301368
380313
1753941
1071862
1314428
1606717
838726
1432657
909989
1290994
1721016
947258
1374779
1138275
1374541
675815
1669347
1288725
1107317
1261229
1509228
896737
339719
1175138
480967
854370
1161888
946002
1996589
1816626
553164
578960
1751127
823882
376863
1344313
1204506
1192332
873864
590959
1697106
1758568
1894988
1294824
1728277
1846345
1176882
1064786
575830
1999248
1967849
1694109
330300
1844283
1005194
593032
1066571
1456572
885022
329229
1853516
58090
71318
1014418
1668133
1119146
1596164
773593
1428404
1448220
483089
560342
1143706
316212
267234
183872
1465300
622683
1031755
1241820
378775
1988501
69602
611251
927619
1593954
1493488
69691
135692
1172021
1639797
747502
222819
1726217
1946955
493511
1136717
209031
1531050
318156
1280151
254154
1484457
1512845
508450
543473
436346
42155
643548
1658053
1184727
624593
468209
717392
1410803
1588668
1121454
1390409
1830512
991330
1639013
1336376
119650
551537
79872
1219419
617662
300994
379177
1007693
191270
272228
805363
782084
375959
995474
1855688
1273839
289651
456251
1378104
399363
1575143
614596
1847957
1786594
1619273
625365
405266
962917
1560864
844544
1970033
209851
1447095
133003
76757
904571
197213
1549698
1841160
1800501
1241584
195944
688940
1123022
1988954
919025
1778348
1321681
1177086
1168766
245741
1828049
1536599
822272
845737
1265672
1950922
708473
240321
1774480
161023
1260058
625232
951267
13292
1708923
310820
1295295
347884
1310187
1882102
860960
988150
1025958
908267
1756710
297981
105460
1322621
1666449
1226559
1190994
1645432
1070308
192896
1010088
943042
1725079
209547
998680
835179
1826299
1925461
544333
1765589
950393
407781
975270
1575918
1864308
857706
120267
1483186
1625303
461522
1346418
1899426
1503537
469514
32587
424630
254020
466993
274742
1754943
1893010
1969622
1121606
963125
1968970
120686
293736
1256631
625916
261864
912677
1990921
397911
844691
1295287
1948961
180208
1569771
1993519
1862253
271744
825544
488898
980794
1772473
419994
1389982
1439173
774273
1183456
1435052
758798
1913123
946352
488412
56391
1089469
228526
780719
431468
1310523
1920807
602822
365717
881326
1808736
332639
75803
1193484
515832
1505045
1042111
1793405
1479178
1710377
1798183
1991189
1908724
836366
726235
1560858
1342068
202310
395814
1652897
725022
804602
405260
417687
977008
134860
710172
1181621
1138637
1792395
1077307
1079018
308543
1737797
1984044
1661159
1154448
132771
1533229
746286
985359
1528629
546591
661469
1009830
954576
1495801
40611
916015
952373
298760
144246
1957481
1808975
1011042
1035946
1059027
1181329
956003
498256
1228513
800941
1590519
1066519
1828094
876663
55811
255186
108466
195451
880761
941301
58032
1072946
1527593
1254350
509040
1662109
1689135
494546
896826
503710
1808230
763872
1931085
1614876
287241
1392733
866685
1157994
1853808
1214292
1114553
38690
1572756
894123
92277
361806
1969821
377938
1937943
257526
427825
1849813
219578
1728377
59790
126588
451612
736272
1002948
1262314
1255151
1685307
987393
1027012
268258
1894720
1395929
1381042
902939
567579
1019927
1715257
1447885
197015
1579079
1709855
892651
1440310
353590
1131901
557388
1561702
24196
783315
326309
1666132
1839744
1487985
1165608
1688256
1725113
379275
152871
1030620
77808
1608815
1673808
372146
746107
1820829
446814
203276
1918974
1727771
649485
1454472
553756
198264
1103270
1890767
904332
1027816
777360
255081
1746570
1665573
1022381
470496
1971768
1546162
175876
201036
426504
144604
603557
1224053
1444168
1405033
947975
1227814
483565
1635369
1944065
134965
1855566
660109
469573
1676633
1450808
171529
583435
1837970
167962
1136132
664785
1807524
1925203
794706
1257251
1749176
1628471
1680698
1590021
1410327
1723094
129824
771270
899555
1710659
637392
88171
1185371
1342059
999180
1330997
1385269
176289
682602
944377
9742
1048341
911880
808806
762246
166232
483696
1147323
1402316
1153195
1485023
1732646
990848
1422706
991314
1601659
1495310
2253
1537985
1561599
1556202
1755582
1442132
1194879
795992
331761
319811
1934657
361366
565146
1483231
746476
297197
1510639
605067
1348004
1652000
1890354
759730
864938
1360827
1795310
731605
1045546
253606
1282471
636242
132410
1708316
1991067
917664
229788
1084728
125492
435899
1404030
1115073
665242
1784689
1053122
1768052
1039553
1374598
1419843
147081
1819596
993292
774238
1002605
1903287
1173916
512102
491786
712585
61959
1487528
1990780
1440569
128928
204050
1401518
730323
1920168
806292
26693
798618
779505
25635
1171914
897874
1367770
1881341
221066
1598012
1109677
1939518
1448778
318272
1933339
1067568
550651
1077231
1841343
1172833
564894

